Reacoes de apoio [N]
[[7906.19244598]
 [3774.06193316]
 [2471.90305102]]

Deslocamentos [m]
[[ 0.00000000e+00]
 [ 0.00000000e+00]
 [ 9.56203981e-04]
 [-4.80503298e-03]
 [-6.58411117e-05]
 [-5.43921162e-03]
 [-6.08353585e-05]
 [-5.04660836e-03]
 [-1.51214124e-04]
 [-5.74999789e-03]
 [-1.16972619e-03]
 [-5.24523015e-03]
 [ 5.10327564e-04]
 [ 0.00000000e+00]]

Deformacoes []
[[-0.00803507]
 [-0.00632126]
 [-0.00560878]
 [-0.00523645]
 [-0.0004537 ]
 [ 0.00190356]
 [ 0.003092  ]
 [-0.00167539]
 [-0.00034292]
 [-0.00044465]
 [ 0.00344553]]

Forcas internas [N]
[[-8436.82296585]
 [-6637.32433618]
 [-5889.21629331]
 [-5498.27437216]
 [ -476.38457533]
 [ 1998.73773693]
 [ 3246.60515247]
 [-1759.15699041]
 [ -360.06857967]
 [ -466.88365919]
 [ 3617.80610204]]

Tensoes internas [Pa]
[[-1.60701390e+09]
 [-1.26425225e+09]
 [-1.12175548e+09]
 [-1.04729036e+09]
 [-9.07399191e+07]
 [ 3.80711950e+08]
 [ 6.18400981e+08]
 [-3.35077522e+08]
 [-6.85844914e+07]
 [-8.89302208e+07]
 [ 6.89105924e+08]]